wavelength,lu,lu_std,ld,ld_std,ed,ed_std,lw,lw_std,rhow,rhow_std,rhow_nosc,rhow_nosc_std,cycle_id,platform_id,azimuth,timestamp,solar_zenith_angle
355.0,3.5807023354531027,0.12234234756038762,50.890371121749304,0.09230278136513814,344.9999987648915,1.0058899086766935,2.2356342034454837,0.12234234756038759,0.019735253074863193,0.0009045286618510825,0.02035783192696386,0.001114057454187318,RTBE-P-JAGUAR_043312_20250430_134004,OOSTENDE_RT1,225,2025-04-30T13:41:42,43.07
357.5,3.5807695943531126,0.12080310656745769,49.93576462376658,0.09258428094999391,350.0487382920719,0.9486550292742659,2.2609323803117243,0.12080310656745767,0.019668677133870327,0.0008735954063109153,0.020291255985970993,0.0010841751750765992,RTBE-P-JAGUAR_043312_20250430_134004,OOSTENDE_RT1,225,2025-04-30T13:41:42,43.07
360.0,3.650045197667927,0.12231694216228305,49.90198331217571,0.09482139324070504,363.08222838494953,0.9263898882175058,2.331100847338805,0.12231694216228298,0.019547423214241445,0.0008476745530113403,0.020170002066342115,0.0010583553169646806,RTBE-P-JAGUAR_043312_20250430_134004,OOSTENDE_RT1,225,2025-04-30T13:41:42,43.07
362.5,3.8980586080289896,0.129115212870707,52.29173419346662,0.09806807719489595,389.8763962904108,1.0578005586905725,2.515951469081732,0.129115212870707,0.019650755792574824,0.0008272727238843868,0.020273334644675487,0.0010404000039005998,RTBE-P-JAGUAR_043312_20250430_134004,OOSTENDE_RT1,225,2025-04-30T13:41:42,43.07
365.0,4.142319041940892,0.13633434381559076,54.58880390982238,0.1044402198967256,417.3569314398489,1.1684356829386113,2.6994987424415493,0.13633434381559076,0.019697499188466226,0.0008095104807637826,0.0203200780405669,0.0010262366351157012,RTBE-P-JAGUAR_043312_20250430_134004,OOSTENDE_RT1,225,2025-04-30T13:41:42,43.07
367.5,4.320177615396563,0.14165879582435376,55.968882490397895,0.11253019922183163,439.3682108883939,1.213137209870525,2.8408808729576034,0.14165879582435376,0.01969043028017454,0.0007924053327018336,0.020313009132275208,0.0010128958382726774,RTBE-P-JAGUAR_043312_20250430_134004,OOSTENDE_RT1,225,2025-04-30T13:41:42,43.07
370.0,4.3427350096331825,0.14138491110604806,55.28483649431265,0.11746782342989,442.7151840670395,1.1477300910802664,2.881518081702953,0.14138491110604806,0.019825231303182686,0.0007792471498810322,0.020447810155283356,0.0010032947006216669,RTBE-P-JAGUAR_043312_20250430_134004,OOSTENDE_RT1,225,2025-04-30T13:41:42,43.07
372.5,4.30331937559251,0.13813036987900457,53.746708066951804,0.1113116951540061,442.94057456760385,1.1224585180945705,2.882756258687327,0.13813036987900457,0.019823608298902503,0.0007553962027684162,0.020446187151003173,0.000979701070901307,RTBE-P-JAGUAR_043312_20250430_134004,OOSTENDE_RT1,225,2025-04-30T13:41:42,43.07
375.0,4.297902526723455,0.13625814723421958,52.64739300142221,0.10853046433728623,445.8598553750265,1.1493341329139422,2.9063950765207642,0.13625814723421958,0.019856298783444824,0.000737419550544305,0.02047887763554549,0.0009600944987135464,RTBE-P-JAGUAR_043312_20250430_134004,OOSTENDE_RT1,225,2025-04-30T13:41:42,43.07
377.5,4.2955439419577734,0.13490144415433233,51.64054048202024,0.10817506125539772,450.62232633190433,1.207285458397195,2.9306483086396398,0.13490144415433233,0.019808950299200923,0.0007196073259636428,0.020431529151301597,0.0009404890995164582,RTBE-P-JAGUAR_043312_20250430_134004,OOSTENDE_RT1,225,2025-04-30T13:41:42,43.07
380.0,4.216627854418832,0.1314752311488129,49.79415082978331,0.10768932953189927,444.26489037026903,1.16564265203128,2.9005335920820783,0.13147523114881296,0.01988837130824376,0.0007048492986941695,0.020510950160344432,0.0009297192491666053,RTBE-P-JAGUAR_043312_20250430_134004,OOSTENDE_RT1,225,2025-04-30T13:41:42,43.07
382.5,4.084071556750282,0.12520616093605968,47.25846423626556,0.10936278883512468,433.8314692840807,1.1538556943736318,2.8349972660608183,0.12520616093605968,0.01990706736904918,0.000679683471262487,0.02052964622114985,0.0009066810114766845,RTBE-P-JAGUAR_043312_20250430_134004,OOSTENDE_RT1,225,2025-04-30T13:41:42,43.07
385.0,4.077547564350528,0.12326674981056987,46.2015830938673,0.11215322477573365,433.89113870834194,1.1167840847843675,2.8564073820714495,0.12326674981056994,0.02005926423390747,0.0006612829456972354,0.02068184308600814,0.000892513999685728,RTBE-P-JAGUAR_043312_20250430_134004,OOSTENDE_RT1,225,2025-04-30T13:41:42,43.07
387.5,4.16947191416315,0.12487232834951911,46.328360957806716,0.11509478846362978,447.52676602211113,1.0629513336387313,2.9449809041956474,0.12487232834951911,0.020050889364828642,0.0006425480921072122,0.02067346821692931,0.0008765911207199612,RTBE-P-JAGUAR_043312_20250430_134004,OOSTENDE_RT1,225,2025-04-30T13:41:42,43.07
390.0,4.275613464040297,0.1273513709643392,46.69610104326722,0.11242101230698134,460.4403293616638,1.0977908724917917,3.041402826196013,0.1273513709643392,0.020128967365910022,0.0006360995182379792,0.020751546218010695,0.0008689206959799113,RTBE-P-JAGUAR_043312_20250430_134004,OOSTENDE_RT1,225,2025-04-30T13:41:42,43.07
392.5,4.402226059588383,0.12915452369692185,47.19496386150872,0.1163288644310788,476.6743884681346,1.174860003437123,3.1548301282540048,0.12915452369692185,0.020169793035337294,0.0006188401681438351,0.020792371887437964,0.0008512118809824883,RTBE-P-JAGUAR_043312_20250430_134004,OOSTENDE_RT1,225,2025-04-30T13:41:42,43.07
395.0,4.739481682075358,0.13835372220417314,49.867483708594584,0.12325517691957218,512.598304851958,1.3030513120092262,3.4214491804186067,0.13835372220417314,0.020346666477218635,0.0006097081283102461,0.020969245329319305,0.0008479369384550804,RTBE-P-JAGUAR_043312_20250430_134004,OOSTENDE_RT1,225,2025-04-30T13:41:42,43.07
397.5,5.28123696751029,0.1541845498531177,54.65870407966122,0.13492360214382113,574.9976019257896,1.4744347767526471,3.8365691575919882,0.1541845498531177,0.020339138970916874,0.0005988592474568383,0.020961717823017548,0.0008424122944048722,RTBE-P-JAGUAR_043312_20250430_134004,OOSTENDE_RT1,225,2025-04-30T13:41:42,43.07
400.0,5.987767286460359,0.17364608157709788,61.15966146612086,0.156776240147862,656.9147454267459,1.5955715724668744,4.371274622147758,0.17364608157709788,0.02028236252022581,0.0005881393788284701,0.02090494137232648,0.0008304353921190788,RTBE-P-JAGUAR_043312_20250430_134004,OOSTENDE_RT1,225,2025-04-30T13:41:42,43.07
402.5,6.440706568681922,0.18598107078765286,64.9512624299656,0.16710608103178995,711.1762973040064,1.7581311181311365,4.72399923677423,0.18598107078765286,0.02024549753637559,0.0005784990692509496,0.02086807638847626,0.0008215638905686038,RTBE-P-JAGUAR_043312_20250430_134004,OOSTENDE_RT1,225,2025-04-30T13:41:42,43.07
405.0,6.693213085544553,0.19270494306420766,66.636957986761,0.17181325492208485,745.5134782706988,1.9272987649474165,4.931951640083867,0.1927049430642077,0.020160657792108752,0.0005675521931819187,0.02078323664420942,0.0008120583344049628,RTBE-P-JAGUAR_043312_20250430_134004,OOSTENDE_RT1,225,2025-04-30T13:41:42,43.07
407.5,6.8153468395625545,0.19548263311670613,66.93350038881835,0.17607849819305993,764.2431975149342,2.080210990268263,5.0462475708358125,0.19548263311670613,0.020121150824895687,0.0005571533719003867,0.020743729676996357,0.0008035751003093904,RTBE-P-JAGUAR_043312_20250430_134004,OOSTENDE_RT1,225,2025-04-30T13:41:42,43.07
410.0,6.933425366533126,0.1972388786012087,67.11661652444627,0.18957403784328097,781.7739814899666,2.0653282725980295,5.159486210160444,0.1972388786012087,0.02011104027301461,0.000545491773016936,0.020733619125115284,0.000792612988775707,RTBE-P-JAGUAR_043312_20250430_134004,OOSTENDE_RT1,225,2025-04-30T13:41:42,43.07
412.5,7.036381264434778,0.1987533037351199,67.06241981749439,0.18476693566949606,797.6113587726571,2.10300686543327,5.263874564964529,0.1987533037351199,0.02011051312411861,0.0005356371374540779,0.020733091976219278,0.0007828398028982006,RTBE-P-JAGUAR_043312_20250430_134004,OOSTENDE_RT1,225,2025-04-30T13:41:42,43.07
415.0,7.1046337990185044,0.1993894716485597,66.59293743287724,0.18258851199419032,808.8670793837887,2.148913693777125,5.344535847611356,0.1993894716485597,0.020135287283945275,0.0005272204895485758,0.02075786613604594,0.0007744171017708747,RTBE-P-JAGUAR_043312_20250430_134004,OOSTENDE_RT1,225,2025-04-30T13:41:42,43.07
417.5,7.134599641313122,0.19894492287224932,65.69017192521648,0.18399214739009923,813.4811799501855,2.171994445599886,5.398362414209305,0.19894492287224932,0.020225421224476074,0.0005204955986115741,0.020848000076576747,0.0007683077661399854,RTBE-P-JAGUAR_043312_20250430_134004,OOSTENDE_RT1,225,2025-04-30T13:41:42,43.07
420.0,7.121057733147168,0.1971714830550776,64.333593079889,0.18575241238416296,811.6526810387636,2.1304122247512978,5.420675834530546,0.1971714830550776,0.02035875439189015,0.0005135903870197488,0.02098133324399082,0.0007631743196738761,RTBE-P-JAGUAR_043312_20250430_134004,OOSTENDE_RT1,225,2025-04-30T13:41:42,43.07
422.5,7.053381646940073,0.19366104277370863,62.512745967620674,0.18610259420957884,803.5790837939766,2.1102229604584837,5.40112601209368,0.19366104277370863,0.020493124807822578,0.0005053417664791488,0.021115703659923254,0.000757117901068223,RTBE-P-JAGUAR_043312_20250430_134004,OOSTENDE_RT1,225,2025-04-30T13:41:42,43.07
425.0,6.937826691681056,0.18907044325629876,60.32337353419765,0.18266442166251748,790.5525105551669,2.082279084726697,5.343437702810738,0.18907044325629913,0.02061181659656636,0.0004993419746224327,0.021234395448667034,0.0007513508686827522,RTBE-P-JAGUAR_043312_20250430_134004,OOSTENDE_RT1,225,2025-04-30T13:41:42,43.07
427.5,6.821324166355684,0.18459872783428477,58.169147667697025,0.17831271587762296,773.7201885283703,2.026740399124612,5.283872875095084,0.18459872783428477,0.020831916523642555,0.0004978519746829231,0.021454495375743222,0.0007495397119328833,RTBE-P-JAGUAR_043312_20250430_134004,OOSTENDE_RT1,225,2025-04-30T13:41:42,43.07
430.0,6.813028903638434,0.18290214688325523,56.97894631911098,0.17990059544344025,778.6922316358115,2.0995409832483154,5.307035467161906,0.1829021468832555,0.020788375256112327,0.0004872259483495799,0.021410954108212997,0.0007379090449729504,RTBE-P-JAGUAR_043312_20250430_134004,OOSTENDE_RT1,225,2025-04-30T13:41:42,43.07
432.5,6.999631921297751,0.18711404728435213,57.42647821165237,0.18183957381958452,800.6792937373253,2.1375471959840704,5.481809903629031,0.1871140472843521,0.020886174847812716,0.00048319339530770403,0.021508753699913386,0.000734171747577154,RTBE-P-JAGUAR_043312_20250430_134004,OOSTENDE_RT1,225,2025-04-30T13:41:42,43.07
435.0,7.266949105219529,0.1931113691478969,58.473923476894214,0.18821488181403626,832.6711821296527,2.200204665487712,5.721442375978781,0.1931113691478969,0.020963902969379642,0.00047774706840502296,0.021586481821480312,0.0007285916357619739,RTBE-P-JAGUAR_043312_20250430_134004,OOSTENDE_RT1,225,2025-04-30T13:41:42,43.07
437.5,7.578956950101627,0.19985160908788058,59.77940319593541,0.19690259252973463,867.9744753579508,2.351431626927498,5.998945478050818,0.19985160908788058,0.021090321213719825,0.00047276141139674337,0.02171290006582049,0.0007233534680379396,RTBE-P-JAGUAR_043312_20250430_134004,OOSTENDE_RT1,225,2025-04-30T13:41:42,43.07
440.0,7.887167570113678,0.20617851824559708,60.856093455876355,0.2018830048435262,898.9894791185062,2.3665588403439584,6.278698420809445,0.20617851824559705,0.021318849041206848,0.0004701864651543865,0.02194142789330752,0.0007205077849003527,RTBE-P-JAGUAR_043312_20250430_134004,OOSTENDE_RT1,225,2025-04-30T13:41:42,43.07
442.5,8.223211027677923,0.21251974118578715,61.89626127496572,0.20693421264497347,930.6584301323902,2.4738647089395824,6.587249514797685,0.21251974118578715,0.021613779851604904,0.00046794839374978645,0.022236358703705574,0.0007173958092842904,RTBE-P-JAGUAR_043312_20250430_134004,OOSTENDE_RT1,225,2025-04-30T13:41:42,43.07
445.0,8.565774224843286,0.21974003409414994,62.844705155161755,0.2140439829169933,961.7632469569804,2.590481326474698,6.904744676298753,0.21974003409414994,0.021931719431397448,0.000470573380165516,0.022554298283498114,0.000717779223726804,RTBE-P-JAGUAR_043312_20250430_134004,OOSTENDE_RT1,225,2025-04-30T13:41:42,43.07
447.5,8.894123277520377,0.22683597556763008,63.59528762723326,0.22109468614193703,990.5974236051985,2.608480471698366,7.213255308831262,0.2268359755676301,0.02225362630116796,0.0004751453387636647,0.022876205153268627,0.0007193903572044386,RTBE-P-JAGUAR_043312_20250430_134004,OOSTENDE_RT1,225,2025-04-30T13:41:42,43.07
450.0,9.157850312289636,0.23056325922981266,63.85836475263144,0.22104488687690668,1010.1771883317539,2.657514425667125,7.470029031022261,0.23056325922981263,0.022608779564057626,0.0004745272242217801,0.023231358416158296,0.0007170384064802496,RTBE-P-JAGUAR_043312_20250430_134004,OOSTENDE_RT1,225,2025-04-30T13:41:42,43.07
452.5,9.335375110097148,0.23292909010094198,63.590082869281794,0.228755843960491,1023.6675913131616,2.700989100458273,7.654644706804022,0.23292909010094198,0.022869202836413086,0.0004762315011518448,0.023491781688513756,0.0007148495512393439,RTBE-P-JAGUAR_043312_20250430_134004,OOSTENDE_RT1,225,2025-04-30T13:41:42,43.07
455.0,9.470993530355454,0.2350815776928291,63.09114361981525,0.23305306379102997,1032.981192839614,2.7298766386774567,7.803450440683202,0.23508157769282936,0.02310995640317454,0.00047848403302425726,0.023732535255275213,0.000714950632783456,RTBE-P-JAGUAR_043312_20250430_134004,OOSTENDE_RT1,225,2025-04-30T13:41:42,43.07
457.5,9.577579814072203,0.23700815608291526,62.4445865376378,0.232768742960908,1040.6656156548659,2.730220911984753,7.92712568067186,0.23700815608291526,0.023308066523177094,0.00047997613608547396,0.023930645375277768,0.0007154873484720645,RTBE-P-JAGUAR_043312_20250430_134004,OOSTENDE_RT1,225,2025-04-30T13:41:42,43.07
460.0,9.669165978761136,0.23787894289501255,61.73364825833201,0.2303168437585153,1046.9041637001135,2.7121250581096272,8.03750244173964,0.23787894289501293,0.02349668583296397,0.000480684818734609,0.024119264685064642,0.0007138368203651052,RTBE-P-JAGUAR_043312_20250430_134004,OOSTENDE_RT1,225,2025-04-30T13:41:42,43.07
462.5,9.717740626945636,0.23736735362196484,60.739452919825425,0.2305795511341276,1049.0344835192745,2.700548534813298,8.112354368657607,0.23736735362196484,0.023671868364155725,0.00048264717633298153,0.024294447216256388,0.0007108551206430513,RTBE-P-JAGUAR_043312_20250430_134004,OOSTENDE_RT1,225,2025-04-30T13:41:42,43.07
465.0,9.761546934341526,0.2370263064232516,59.65404178893606,0.23176194907484682,1047.9807624604898,2.7050155904186073,8.184848852030695,0.2370263064232516,0.023913616797055545,0.00048660279319462916,0.024536195649156208,0.0007105474925117098,RTBE-P-JAGUAR_043312_20250430_134004,OOSTENDE_RT1,225,2025-04-30T13:41:42,43.07
467.5,9.818929518608911,0.2373380104199834,58.5698582203691,0.23202884690496348,1045.8520785411818,2.739750071603038,8.270887166943801,0.2373380104199834,0.024222003757119245,0.0004922463080639936,0.02484458260921991,0.0007129300263886961,RTBE-P-JAGUAR_043312_20250430_134004,OOSTENDE_RT1,225,2025-04-30T13:41:42,43.07
470.0,9.928227399228266,0.23893286786718765,57.6790470985458,0.22694835468259567,1049.0095625121114,2.6566767014089763,8.403729809080732,0.23893286786718765,0.024545061915384483,0.0004984879500294581,0.025167640767485153,0.0007155604383578072,RTBE-P-JAGUAR_043312_20250430_134004,OOSTENDE_RT1,225,2025-04-30T13:41:42,43.07
472.5,10.10511039758636,0.24043727464546527,57.06318012690745,0.22695157380045716,1055.6441646030617,2.639403267350728,8.59689060260611,0.24043727464546524,0.024961731909488086,0.0005025762126991593,0.02558431076158875,0.0007155403316792548,RTBE-P-JAGUAR_043312_20250430_134004,OOSTENDE_RT1,225,2025-04-30T13:41:42,43.07
475.0,10.308675818989995,0.24264556167255927,56.52868778426511,0.2287776436749872,1064.3143453925438,2.6936199194350583,8.81458303077042,0.24264556167255927,0.02539588967066665,0.0005097193364464783,0.026018468522767322,0.0007162296715032342,RTBE-P-JAGUAR_043312_20250430_134004,OOSTENDE_RT1,225,2025-04-30T13:41:42,43.07
477.5,10.5107875891928,0.24548693580106198,55.94003399507938,0.23018592467776483,1071.9815339683253,2.7842336975888475,9.032253332679055,0.24548693580106198,0.025847709875974467,0.0005208164553990908,0.02647028872807513,0.0007194339917497803,RTBE-P-JAGUAR_043312_20250430_134004,OOSTENDE_RT1,225,2025-04-30T13:41:42,43.07
480.0,10.63293631222802,0.24713030596109162,54.915606030501145,0.22599807066042332,1067.344872566084,2.767929537346018,9.181478403917653,0.24713030596109162,0.026401924515301,0.0005325235066319143,0.027024503367401666,0.000727396339872982,RTBE-P-JAGUAR_043312_20250430_134004,OOSTENDE_RT1,225,2025-04-30T13:41:42,43.07
482.5,10.670062747286964,0.24710115767889743,53.453437759297465,0.22923084976489075,1055.287886212415,2.6975469361862547,9.257250969902298,0.24710115767889743,0.026936262691948043,0.0005457291310520325,0.02755884154404871,0.0007356202907282305,RTBE-P-JAGUAR_043312_20250430_134004,OOSTENDE_RT1,225,2025-04-30T13:41:42,43.07
485.0,10.716449854620592,0.2465070220069184,52.01917651504411,0.2280246473038934,1039.917856478289,2.613130771520421,9.341546605904416,0.2465070220069184,0.027598240713073017,0.000560649711067901,0.02822081956517368,0.0007446979052921007,RTBE-P-JAGUAR_043312_20250430_134004,OOSTENDE_RT1,225,2025-04-30T13:41:42,43.07
487.5,10.81541473444914,0.24626074194171543,50.82527825005648,0.22142375062913275,1032.1493997243624,2.639336812427988,9.472067052605373,0.2462607419417152,0.028207914364018757,0.0005729091171646715,0.028830493216119413,0.0007495532506808308,RTBE-P-JAGUAR_043312_20250430_134004,OOSTENDE_RT1,225,2025-04-30T13:41:42,43.07
490.0,11.049915173202224,0.24946808256258654,50.274767535539674,0.2228974871026078,1037.8544950423766,2.665070347816378,9.721117874900637,0.2494680825625864,0.02880331143054564,0.0005848497080735684,0.029425890282646305,0.000755141591839184,RTBE-P-JAGUAR_043312_20250430_134004,OOSTENDE_RT1,225,2025-04-30T13:41:42,43.07
492.5,11.308661510597714,0.2551770816764995,49.84266547670578,0.225743175557359,1046.1871739907192,2.7007630565422427,9.991284972182546,0.2551770816764995,0.029380223943500452,0.0006010086932307026,0.03000280279560112,0.0007662705728855418,RTBE-P-JAGUAR_043312_20250430_134004,OOSTENDE_RT1,225,2025-04-30T13:41:42,43.07
495.0,11.53639024883225,0.25860794244141866,49.27302552205551,0.22427910879328258,1052.81476602393,2.7250130489136977,10.234069693166461,0.25860794244141866,0.029915820875897562,0.0006127207939514406,0.030538399727998225,0.0007716844770350273,RTBE-P-JAGUAR_043312_20250430_134004,OOSTENDE_RT1,225,2025-04-30T13:41:42,43.07
497.5,11.716717738582766,0.259008791712018,48.488975456712815,0.21810813237638,1049.7302811217544,2.643498773611116,10.435120174979026,0.259008791712018,0.030607249867338145,0.0006235951090732126,0.031229828719438812,0.000775151609790769,RTBE-P-JAGUAR_043312_20250430_134004,OOSTENDE_RT1,225,2025-04-30T13:41:42,43.07
500.0,11.866419973930693,0.26183152245856783,47.56139888241838,0.21709288836611018,1044.8700498888263,2.6334323401813005,10.609338908489157,0.26183152245856783,0.03127633640334207,0.0006435050584064975,0.03189891525544274,0.0007872442965721812,RTBE-P-JAGUAR_043312_20250430_134004,OOSTENDE_RT1,225,2025-04-30T13:41:42,43.07
502.5,12.064298502860497,0.2644847128914729,46.82210536988581,0.21656751426359197,1042.182513303331,2.616935234635653,10.826757482460657,0.2644847128914729,0.032013990400330296,0.0006602059075796925,0.03263656925243097,0.000797272282350048,RTBE-P-JAGUAR_043312_20250430_134004,OOSTENDE_RT1,225,2025-04-30T13:41:42,43.07
505.0,12.283651581610007,0.2677075233646227,46.18219936642972,0.21742118482932207,1042.5928968606527,2.585455168592783,11.063023724815713,0.2677075233646227,0.03271307321787106,0.00067589269004801,0.033335652069971716,0.0008066695938994337,RTBE-P-JAGUAR_043312_20250430_134004,OOSTENDE_RT1,225,2025-04-30T13:41:42,43.07
507.5,12.50237881150948,0.2714196933409161,45.5707948074865,0.21959432774547166,1044.0930322713382,2.5878506137260966,11.297910805191247,0.2714196933409161,0.033371933599810374,0.0006919234826045817,0.03399451245191104,0.0008166802078780863,RTBE-P-JAGUAR_043312_20250430_134004,OOSTENDE_RT1,225,2025-04-30T13:41:42,43.07
510.0,12.62715652084362,0.2729144456422532,44.692220673650105,0.21946391558905418,1036.8071714009768,2.612118437208699,11.445909843884577,0.2729144456422532,0.03405926679004551,0.0007084325689722316,0.03468184564214619,0.0008269483864870439,RTBE-P-JAGUAR_043312_20250430_134004,OOSTENDE_RT1,225,2025-04-30T13:41:42,43.07
512.5,12.675701508516955,0.2725665987819286,43.54700327080624,0.21808673416177288,1023.7013296297326,2.586989369325366,11.524723729167258,0.2725665987819286,0.03474514643482392,0.0007240707863406244,0.035367725286924584,0.0008364678247091673,RTBE-P-JAGUAR_043312_20250430_134004,OOSTENDE_RT1,225,2025-04-30T13:41:42,43.07
515.0,12.740997582701947,0.2728213487678958,42.4501293266797,0.21696687923200958,1007.2749550817717,2.502634454230114,11.619010949507276,0.2728213487678958,0.03561598665257638,0.000743339029700517,0.03623856550467705,0.0008509032620215422,RTBE-P-JAGUAR_043312_20250430_134004,OOSTENDE_RT1,225,2025-04-30T13:41:42,43.07
517.5,12.876056991777107,0.2750512860360801,41.57782982059602,0.2162894316091792,1000.1070796716613,2.538085839230525,11.777125845137881,0.2750512860360801,0.03637239177407921,0.0007608601582261767,0.03699497062617988,0.0008640065820302568,RTBE-P-JAGUAR_043312_20250430_134004,OOSTENDE_RT1,225,2025-04-30T13:41:42,43.07
520.0,13.173415424130987,0.2815962664301547,41.2129090373433,0.21007139394619984,1003.9114239018651,2.576002732643277,12.084129389237676,0.2815962664301547,0.037192920812906254,0.0007822671505005867,0.03781549966500692,0.0008812139605473454,RTBE-P-JAGUAR_043312_20250430_134004,OOSTENDE_RT1,225,2025-04-30T13:41:42,43.07
522.5,13.527161416257076,0.2883702738250977,41.024334567362736,0.20887733174436837,1012.7243618929507,2.5967883967563195,12.442859536607482,0.2883702738250977,0.037976666491212,0.0008005884427107048,0.03859924534331267,0.0008945592382800469,RTBE-P-JAGUAR_043312_20250430_134004,OOSTENDE_RT1,225,2025-04-30T13:41:42,43.07
525.0,13.898343355878836,0.29538884592379083,40.87591104718678,0.20907366231304633,1023.3689465876836,2.5881844152892324,12.817964413763958,0.2953888459237909,0.03872669295307616,0.000818093123136926,0.039349271805176826,0.0009068004568643971,RTBE-P-JAGUAR_043312_20250430_134004,OOSTENDE_RT1,225,2025-04-30T13:41:42,43.07
527.5,14.266010873671968,0.30256051268584977,40.693216456365775,0.20917590758968355,1031.2447349742279,2.526791114238518,13.1904606774787,0.30256051268584977,0.03956095174586913,0.0008379370008759174,0.04018353059796978,0.0009217228963054854,RTBE-P-JAGUAR_043312_20250430_134004,OOSTENDE_RT1,225,2025-04-30T13:41:42,43.07
530.0,14.626346575471205,0.30889770119242194,40.45794010209527,0.216144936583052,1037.5393124264092,2.578678406593943,13.557014898014756,0.30889770119242194,0.04042706418128695,0.000855818390865254,0.04104964303338762,0.0009353194979257423,RTBE-P-JAGUAR_043312_20250430_134004,OOSTENDE_RT1,225,2025-04-30T13:41:42,43.07
532.5,14.954098328282237,0.3149552198639537,40.091097733764016,0.2153916495318153,1041.0740957749313,2.6320633045887303,13.894462551410436,0.3149552198639537,0.041305984786395945,0.0008762860815321002,0.04192856363849661,0.0009504232301523561,RTBE-P-JAGUAR_043312_20250430_134004,OOSTENDE_RT1,225,2025-04-30T13:41:42,43.07
535.0,15.25245835420012,0.3206857175438685,39.61277788708943,0.21287862766976998,1040.941720887771,2.6201733404185084,14.205464905699825,0.3206857175438685,0.042249931004179495,0.0008986341607013498,0.04287250985628016,0.0009678389040721411,RTBE-P-JAGUAR_043312_20250430_134004,OOSTENDE_RT1,225,2025-04-30T13:41:42,43.07
537.5,15.524887769387187,0.32599821900936016,39.0359239907499,0.21218141118685843,1036.485347411068,2.5974274782253093,14.493140973164873,0.32599821900936016,0.0433062092609823,0.0009226146202488024,0.043928788113082956,0.0009881023523210365,RTBE-P-JAGUAR_043312_20250430_134004,OOSTENDE_RT1,225,2025-04-30T13:41:42,43.07
540.0,15.827955094681313,0.3306667452530577,38.458447364021964,0.2107755671017648,1032.7782023449038,2.6236642363576324,14.81147140993706,0.3306667452530578,0.044432215744323184,0.0009454391546218821,0.04505479459642385,0.001005850254502692,RTBE-P-JAGUAR_043312_20250430_134004,OOSTENDE_RT1,225,2025-04-30T13:41:42,43.07
542.5,16.18586638841409,0.3366605874753409,37.97003760611056,0.21089408500116025,1030.9062837523666,2.6209426646834943,15.18229171545827,0.3366605874753409,0.04564406717544264,0.0009713587764701962,0.046266646027543316,0.0010259423625938557,RTBE-P-JAGUAR_043312_20250430_134004,OOSTENDE_RT1,225,2025-04-30T13:41:42,43.07
545.0,16.586245745486373,0.343792816775976,37.54376501154437,0.21011989286041957,1031.7858629513964,2.5297050432104125,15.593937755595748,0.343792816775976,0.04685800995281091,0.0009974982830119234,0.04748058880491158,0.0010467840530891481,RTBE-P-JAGUAR_043312_20250430_134004,OOSTENDE_RT1,225,2025-04-30T13:41:42,43.07
547.5,17.020841885120618,0.3518880921823861,37.15962361361259,0.20652463201421012,1033.381635081868,2.540104157943069,16.038687021276303,0.35188809218238615,0.0481367754935722,0.0010242093586697511,0.04875935434567285,0.001069778103031927,RTBE-P-JAGUAR_043312_20250430_134004,OOSTENDE_RT1,225,2025-04-30T13:41:42,43.07
550.0,17.472264592351664,0.3591687000376352,36.73903640751375,0.20105135553118042,1033.2665416970292,2.600115257705151,16.501226142775586,0.3591687000376351,0.04954853260208982,0.001053731218789185,0.0501711114541905,0.001092033569174141,RTBE-P-JAGUAR_043312_20250430_134004,OOSTENDE_RT1,225,2025-04-30T13:41:42,43.07
552.5,17.900552858557877,0.3664510987046892,36.23463782475258,0.19811925689138327,1030.9434024283644,2.634608856159505,16.942846016603188,0.3664510987046892,0.05100733647718648,0.0010833639857354695,0.05162991532928715,0.0011166860148470216,RTBE-P-JAGUAR_043312_20250430_134004,OOSTENDE_RT1,225,2025-04-30T13:41:42,43.07
555.0,18.308196770147585,0.3729488125992731,35.663980957470436,0.1995878581319741,1025.8240140217413,2.5669756777034567,17.36557278865497,0.3729488125992731,0.05255959972093966,0.0011135677973388197,0.05318217857304033,0.0011421581419540465,RTBE-P-JAGUAR_043312_20250430_134004,OOSTENDE_RT1,225,2025-04-30T13:41:42,43.07
557.5,18.69685620390557,0.3779389349072795,35.04110601302163,0.20732042823664723,1018.9166070048515,2.5499276907631385,17.770695243207197,0.3779389349072795,0.05416923162722053,0.0011430562019668973,0.05479181047932118,0.0011652869069437083,RTBE-P-JAGUAR_043312_20250430_134004,OOSTENDE_RT1,225,2025-04-30T13:41:42,43.07
560.0,19.073841820990854,0.38427332428756944,34.46071500240106,0.20269794913020628,1013.6060366552073,2.539667876906645,18.16302100097689,0.38427332428756944,0.0556722845170647,0.001173528950573788,0.05629486336916538,0.0011910251210974314,RTBE-P-JAGUAR_043312_20250430_134004,OOSTENDE_RT1,225,2025-04-30T13:41:42,43.07
562.5,19.41199728365493,0.3895126514672751,33.904409798276504,0.19501094143482897,1009.4252099300224,2.5251493707483106,18.515879999599623,0.3895126514672751,0.057003634570412236,0.0012001414702556832,0.05762621342251289,0.0012122642393830303,RTBE-P-JAGUAR_043312_20250430_134004,OOSTENDE_RT1,225,2025-04-30T13:41:42,43.07
565.0,19.692120578716125,0.3939734902305542,33.35994070714745,0.18892088128263257,1005.7863544503144,2.493785773636458,18.810393993867727,0.3939734902305542,0.05813204167022781,0.0012232661727814783,0.05875462052232849,0.0012305836295560747,RTBE-P-JAGUAR_043312_20250430_134004,OOSTENDE_RT1,225,2025-04-30T13:41:42,43.07
567.5,19.89110359440896,0.3979279849990567,32.81416700149407,0.18966186233994353,1002.3121043045443,2.5629508702441504,19.023802190642574,0.3979279849990567,0.05900459411009376,0.0012428931103843214,0.05962717296219442,0.0012472438763953965,RTBE-P-JAGUAR_043312_20250430_134004,OOSTENDE_RT1,225,2025-04-30T13:41:42,43.07
570.0,19.971925783291038,0.39879811271432947,32.32918886678178,0.191737791922031,999.727642897957,2.6032364184965444,19.117442691109794,0.3987981127143294,0.0594530006724566,0.0012504543199776516,0.06007557952455726,0.0012532025397808187,RTBE-P-JAGUAR_043312_20250430_134004,OOSTENDE_RT1,225,2025-04-30T13:41:42,43.07
572.5,19.960889538025143,0.3990809262139829,31.890922353661598,0.19228406557328742,998.3089690888296,2.565650921073309,19.11799013657222,0.39908092621398294,0.05954009545430756,0.001254040905127448,0.06016267430640823,0.00125587342676684,RTBE-P-JAGUAR_043312_20250430_134004,OOSTENDE_RT1,225,2025-04-30T13:41:42,43.07
575.0,19.859466371053735,0.39813968621928947,31.505069042899336,0.19217580319802036,998.5103379355496,2.3824596538722878,19.026765342701577,0.39813968621928947,0.05924094378883004,0.0012509952808314056,0.05986352264093073,0.0012526587515509532,RTBE-P-JAGUAR_043312_20250430_134004,OOSTENDE_RT1,225,2025-04-30T13:41:42,43.07
577.5,19.664212784214616,0.39506473831662653,31.182188913020635,0.1925953696822863,1000.5403608334462,2.488036165707033,18.840045703711244,0.3950647383166266,0.058533204855387176,0.001238031815277038,0.059155783707487836,0.0012404621824091432,RTBE-P-JAGUAR_043312_20250430_134004,OOSTENDE_RT1,225,2025-04-30T13:41:42,43.07
580.0,19.323237876485646,0.39110955106061013,30.86726740618538,0.19414516791046915,1002.1951320622447,2.507641147823918,18.50739439185298,0.39110955106061013,0.05739276406708955,0.0012225079202345637,0.05801534291919022,0.0012260156261510384,RTBE-P-JAGUAR_043312_20250430_134004,OOSTENDE_RT1,225,2025-04-30T13:41:42,43.07
582.5,18.847522517883654,0.383911395616373,30.44213300783031,0.19344809020485773,1001.4307197060906,2.487311518388669,18.04291563299359,0.383911395616373,0.05597993002498781,0.0011986765536297088,0.05660250887708848,0.001204370104056503,RTBE-P-JAGUAR_043312_20250430_134004,OOSTENDE_RT1,225,2025-04-30T13:41:42,43.07
585.0,18.25395109006607,0.3741292009143177,29.90124340226035,0.19035753680884807,994.5522145119758,2.573735195818498,17.463640296073947,0.3741292009143177,0.05454158775327162,0.0011727367274870825,0.05516416660537231,0.0011817997405622256,RTBE-P-JAGUAR_043312_20250430_134004,OOSTENDE_RT1,225,2025-04-30T13:41:42,43.07
587.5,17.56043390643873,0.36274213089723195,29.237213128767383,0.1850516009269376,983.6144399194659,2.4909313897407768,16.78767389739622,0.362742130897232,0.05299602498950135,0.0011456148626317036,0.05361860384160202,0.0011585718624337756,RTBE-P-JAGUAR_043312_20250430_134004,OOSTENDE_RT1,225,2025-04-30T13:41:42,43.07
590.0,16.9249036299537,0.3522859835076256,28.702354211337735,0.17935445713940842,976.2139170303744,2.457938358631917,16.166280316500096,0.3522859835076256,0.051402767839007546,0.0011174303175339605,0.052025346691108205,0.0011337054701257413,RTBE-P-JAGUAR_043312_20250430_134004,OOSTENDE_RT1,225,2025-04-30T13:41:42,43.07
592.5,16.35431724765873,0.34248901768562506,28.313754127788084,0.17826756154838197,973.2325245526587,2.4595821525428576,15.6059649064334,0.3424890176856256,0.04975344482709827,0.001085549134530211,0.05037602367919893,0.0011055538679113765,RTBE-P-JAGUAR_043312_20250430_134004,OOSTENDE_RT1,225,2025-04-30T13:41:42,43.07
595.0,15.824708032833486,0.33346006193221284,28.032339312400747,0.1792157165938745,975.1750551701315,2.417271121991433,15.083793682169214,0.33346006193221284,0.04797088666871259,0.0010502101521762863,0.04859346552081325,0.001074264231101636,RTBE-P-JAGUAR_043312_20250430_134004,OOSTENDE_RT1,225,2025-04-30T13:41:42,43.07
597.5,15.293926939283123,0.32545301338145216,27.79150852910452,0.17749476032209108,976.904149393326,2.436124408561544,14.559377914802921,0.32545301338145216,0.04619842679762189,0.0010178814262521733,0.04682100564972256,0.001046613218464456,RTBE-P-JAGUAR_043312_20250430_134004,OOSTENDE_RT1,225,2025-04-30T13:41:42,43.07
600.0,14.804037729829524,0.31846227256506876,27.562358184218606,0.1764838784878172,978.1832910000452,2.4496717202678218,14.075545309369897,0.31846227256506876,0.04458329426599239,0.0009885508949485763,0.04520587311809305,0.0010227927067871828,RTBE-P-JAGUAR_043312_20250430_134004,OOSTENDE_RT1,225,2025-04-30T13:41:42,43.07
602.5,14.379298903414226,0.3113095393052156,27.32880681660645,0.17551353286831156,978.7851152996386,2.4344374103024804,13.656979409086546,0.3113095393052156,0.043212033578308856,0.0009614575727290819,0.043834612430409536,0.0009992057974587073,RTBE-P-JAGUAR_043312_20250430_134004,OOSTENDE_RT1,225,2025-04-30T13:41:42,43.07
605.0,14.009313515500548,0.30399251564994495,27.07142769602876,0.1759542225099622,978.1402702273073,2.3567905394643076,13.293796731495123,0.30399251564994495,0.042074461052284136,0.0009363494508486602,0.04269703990438482,0.0009763637005663947,RTBE-P-JAGUAR_043312_20250430_134004,OOSTENDE_RT1,225,2025-04-30T13:41:42,43.07
607.5,13.67002597781381,0.29690532101681555,26.749731505401854,0.1808344154939263,974.0116358752556,2.4091108379227038,12.963011849313983,0.2969053210168156,0.04118852616371041,0.0009139764626962826,0.04181110501581108,0.000957643154314029,RTBE-P-JAGUAR_043312_20250430_134004,OOSTENDE_RT1,225,2025-04-30T13:41:42,43.07
610.0,13.337158417610182,0.2907068167044475,26.375930363860174,0.17718008220875608,968.8614957036178,2.385068648893745,12.640024114942104,0.2907068167044475,0.04036347238101333,0.0008944209387285374,0.040986051233114,0.0009426346322535088,RTBE-P-JAGUAR_043312_20250430_134004,OOSTENDE_RT1,225,2025-04-30T13:41:42,43.07
612.5,13.031090729365665,0.2850926930859711,26.012067541047823,0.17446894716084493,963.7073399106088,2.296985623623841,12.343573575808493,0.2850926930859711,0.03961627630531886,0.0008782597963088256,0.04023885515741953,0.000929374586141571,RTBE-P-JAGUAR_043312_20250430_134004,OOSTENDE_RT1,225,2025-04-30T13:41:42,43.07
615.0,12.752283190237739,0.28010487344126445,25.66383300584826,0.17313529822893078,960.4297174282792,2.3231043935729883,12.073970119210065,0.28010487344126445,0.038871717438252906,0.0008633935688838434,0.039494296290353566,0.0009162309294157031,RTBE-P-JAGUAR_043312_20250430_134004,OOSTENDE_RT1,225,2025-04-30T13:41:42,43.07
617.5,12.496781591359705,0.27604371201522493,25.325746081499833,0.17216653401536033,958.594785625084,2.3514798168124043,11.827404394403407,0.27604371201522493,0.03813924972624277,0.0008483329155181508,0.038761828578343434,0.0009046751669645162,RTBE-P-JAGUAR_043312_20250430_134004,OOSTENDE_RT1,225,2025-04-30T13:41:42,43.07
620.0,12.247775369640946,0.27366947515814655,24.96355869566635,0.16916602772991585,955.6894749076781,2.347464377111085,11.587971038823397,0.27366947515814655,0.037470008375665595,0.0008404768615074972,0.03809258722776626,0.000899620677261997,RTBE-P-JAGUAR_043312_20250430_134004,OOSTENDE_RT1,225,2025-04-30T13:41:42,43.07
622.5,12.001385093111308,0.2699456052585214,24.583574535742965,0.16821581015758055,951.1433175918442,2.311358409171371,11.351624009629449,0.26994560525852146,0.03687143276042561,0.0008302053937122276,0.03749401161252628,0.0008916207627849217,RTBE-P-JAGUAR_043312_20250430_134004,OOSTENDE_RT1,225,2025-04-30T13:41:42,43.07
625.0,11.75888278998787,0.2650488098664243,24.192602216264266,0.16728458220633782,944.8069433163085,2.275400997108552,11.119455378590454,0.2650488098664243,0.03635089977908278,0.0008182405231679068,0.03697347863118345,0.0008813180298996886,RTBE-P-JAGUAR_043312_20250430_134004,OOSTENDE_RT1,225,2025-04-30T13:41:42,43.07
627.5,11.526283222778105,0.2609450371940167,23.807575890224836,0.15791937981017032,939.2260078294183,2.307006167995673,10.897032326696337,0.2609450371940167,0.03582662125320271,0.0008095496468578426,0.036449200105303385,0.0008728282703052316,RTBE-P-JAGUAR_043312_20250430_134004,OOSTENDE_RT1,225,2025-04-30T13:41:42,43.07
630.0,11.329860542154611,0.2582121941010037,23.50091754542075,0.15749898261873388,935.8008362065847,2.3137075576397974,10.70871484078686,0.2582121941010037,0.035327827015860305,0.0008017017632869161,0.03595040586796097,0.0008668484795796206,RTBE-P-JAGUAR_043312_20250430_134004,OOSTENDE_RT1,225,2025-04-30T13:41:42,43.07
632.5,11.167373141831606,0.25666232075047085,23.25775066080079,0.15742109778955002,934.9520107110826,2.2854245158835664,10.552654511441178,0.25666232075047085,0.03483607732406046,0.0007966365846518577,0.035458656176161125,0.0008624276455748022,RTBE-P-JAGUAR_043312_20250430_134004,OOSTENDE_RT1,225,2025-04-30T13:41:42,43.07
635.0,11.038321562788834,0.2560419248475545,23.066431460562697,0.15788480003560015,936.9328409760022,2.3016396846284732,10.42865963278414,0.2560419248475545,0.034345349537531086,0.0007931721676131536,0.03496792838963176,0.0008585241064601229,RTBE-P-JAGUAR_043312_20250430_134004,OOSTENDE_RT1,225,2025-04-30T13:41:42,43.07
637.5,10.94353084316252,0.25564652169947194,22.897529961797847,0.16380641475627006,938.5634399350851,2.230114445450958,10.338333098001229,0.2556465216994719,0.03398225437397432,0.0007886551695060824,0.034604833226075,0.0008557090552583133,RTBE-P-JAGUAR_043312_20250430_134004,OOSTENDE_RT1,225,2025-04-30T13:41:42,43.07
640.0,10.855425670336327,0.25576977236298215,22.674349656614492,0.15984781622823546,938.0011505129825,2.244226900613963,10.25612673686725,0.25576977236298215,0.03372766943193067,0.0007909882129037882,0.03435024828403134,0.0008566348105505416,RTBE-P-JAGUAR_043312_20250430_134004,OOSTENDE_RT1,225,2025-04-30T13:41:42,43.07
642.5,10.756682117037526,0.25474077043811494,22.392052579514797,0.15834909324755483,934.7416153092162,2.346535966227835,10.164844492924145,0.25474077043811494,0.033540659695152124,0.0007916915191283549,0.03416323854725279,0.0008561635856058946,RTBE-P-JAGUAR_043312_20250430_134004,OOSTENDE_RT1,225,2025-04-30T13:41:42,43.07
645.0,10.635861279235057,0.2525957156518612,22.04928246943418,0.1600316608942368,929.1193142214082,2.267839414450198,10.053083309070182,0.2525957156518612,0.03336949534793574,0.0007893904739145792,0.03399207420003641,0.000854091430964529,RTBE-P-JAGUAR_043312_20250430_134004,OOSTENDE_RT1,225,2025-04-30T13:41:42,43.07
647.5,10.462155076186749,0.25109811719328534,21.645194435121695,0.1565774761549445,922.2043629749232,2.176809724874966,9.890057435630375,0.25109811719328534,0.03306901167901285,0.000787257353114923,0.033691590531113515,0.0008553939148150683,RTBE-P-JAGUAR_043312_20250430_134004,OOSTENDE_RT1,225,2025-04-30T13:41:42,43.07
650.0,10.202035071271371,0.24608735649696437,21.21822333831768,0.1571933719529171,913.7150770479606,2.1231088104068574,9.6412225756833,0.24608735649696437,0.03252647907222301,0.0007773728498617099,0.033149057924323676,0.0008461130288119506,RTBE-P-JAGUAR_043312_20250430_134004,OOSTENDE_RT1,225,2025-04-30T13:41:42,43.07
652.5,9.849835152679752,0.2392666565882895,20.783975344537286,0.15445525111868208,903.8331030953765,2.119636902074966,9.300500135540888,0.23926665658828947,0.03170460943129071,0.0007604842434873757,0.03232718828339138,0.0008316561630819601,RTBE-P-JAGUAR_043312_20250430_134004,OOSTENDE_RT1,225,2025-04-30T13:41:42,43.07
655.0,9.409054413594909,0.23122515053511178,20.374877130609786,0.14793771352384077,894.3622068503538,2.162854579558582,8.870532148618901,0.23122515053511178,0.03053660745751949,0.0007347816287842127,0.031159186309620165,0.0008122159329657873,RTBE-P-JAGUAR_043312_20250430_134004,OOSTENDE_RT1,225,2025-04-30T13:41:42,43.07
657.5,8.908079920149293,0.22243660188226225,20.128507810222157,0.14411677213219345,893.8757980743864,2.1828663749591684,8.376069368769654,0.22243660188226225,0.02881573690896151,0.0006916895272197754,0.029438315761062185,0.00078176990121914,RTBE-P-JAGUAR_043312_20250430_134004,OOSTENDE_RT1,225,2025-04-30T13:41:42,43.07
660.0,8.444453376896956,0.2143874513770859,20.0659734853799,0.1490725912764744,900.0854015607937,2.180585079869481,7.914095651496925,0.2143874513770859,0.027000205291977438,0.0006473461446496906,0.027622784144078105,0.000748282375317028,RTBE-P-JAGUAR_043312_20250430_134004,OOSTENDE_RT1,225,2025-04-30T13:41:42,43.07
662.5,8.002167157737155,0.20702958432931393,20.022335133765868,0.1531846031658193,910.8435891547566,2.167202024891193,7.472962824517131,0.2070295843293139,0.0251524338828946,0.0006058489252881714,0.025775012734995273,0.0007140662007713973,RTBE-P-JAGUAR_043312_20250430_134004,OOSTENDE_RT1,225,2025-04-30T13:41:42,43.07
665.0,7.586640418608118,0.20011796340140656,19.934100246334925,0.15293771896974143,916.4955076796464,2.197459859484642,7.059768195227313,0.2001179634014065,0.02357712066887665,0.0005737835237480568,0.024199699520977315,0.0006859707640737967,RTBE-P-JAGUAR_043312_20250430_134004,OOSTENDE_RT1,225,2025-04-30T13:41:42,43.07
667.5,7.255758776610123,0.19255267088355005,19.73854970439784,0.1466766372291651,917.1470267384711,2.2025136097035447,6.734055090938094,0.19255267088355005,0.02244423310474897,0.0005487867905800966,0.02306681195684964,0.000659569336912162,RTBE-P-JAGUAR_043312_20250430_134004,OOSTENDE_RT1,225,2025-04-30T13:41:42,43.07
670.0,7.05354717616866,0.18825798251179673,19.51156474467182,0.1455150478430941,915.0842982515932,2.204521911741148,6.537842861871663,0.18825798251179673,0.021822609142517754,0.0005349718188164694,0.022445187994618424,0.0006463119255446873,RTBE-P-JAGUAR_043312_20250430_134004,OOSTENDE_RT1,225,2025-04-30T13:41:42,43.07
672.5,6.953681078358923,0.18644230201775983,19.28165494082781,0.14559976461037943,911.3990270383697,2.2053885170803538,6.444053441114388,0.1864423020177595,0.02159007482576275,0.0005344619887852508,0.022212653677863417,0.0006426666574800983,RTBE-P-JAGUAR_043312_20250430_134004,OOSTENDE_RT1,225,2025-04-30T13:41:42,43.07
675.0,6.946935939157237,0.18674239137494206,19.049948404134415,0.14535803754177762,907.7548159339061,2.06492478507701,6.443432467872083,0.18674239137494206,0.021677099155273036,0.000546498253239631,0.0222996780073737,0.0006462852243353165,RTBE-P-JAGUAR_043312_20250430_134004,OOSTENDE_RT1,225,2025-04-30T13:41:42,43.07
677.5,7.021546697053453,0.18779324099976125,18.756715183569035,0.1427821920052479,902.6387900553254,2.0071116469214374,6.525793585051093,0.18779324099976122,0.022090144566735918,0.0005618175984253584,0.02271272341883659,0.000653605708970813,RTBE-P-JAGUAR_043312_20250430_134004,OOSTENDE_RT1,225,2025-04-30T13:41:42,43.07
680.0,7.093427751816222,0.18862561792608512,18.290350350819132,0.14016038078994356,890.7753851287553,2.0120499043922595,6.610000988798827,0.18862561792608515,0.022689617346080188,0.0005812379915021111,0.023312196198180864,0.0006652461051893232,RTBE-P-JAGUAR_043312_20250430_134004,OOSTENDE_RT1,225,2025-04-30T13:41:42,43.07
682.5,7.153863687493041,0.1884465748056795,17.67406858284741,0.13535434533514043,869.4157725065688,2.0633193324831285,6.6867256830003745,0.1884465748056795,0.023539587221468525,0.0006054710829611851,0.024162166073569188,0.0006809427591782157,RTBE-P-JAGUAR_043312_20250430_134004,OOSTENDE_RT1,225,2025-04-30T13:41:42,43.07
685.0,7.207896119307771,0.18738037949270342,16.948907548004744,0.12818718702893636,836.4642007882294,2.0691457930272317,6.759924628578721,0.18738037949270342,0.02476634936736327,0.0006370622383396043,0.025388928219463935,0.0007037633207570835,RTBE-P-JAGUAR_043312_20250430_134004,OOSTENDE_RT1,225,2025-04-30T13:41:42,43.07
687.5,7.321877985855706,0.1885472460775668,16.380340508071928,0.12636402637299687,813.1432884614874,1.9172585638747979,6.888934119989009,0.18854724607756682,0.025992932988831863,0.0006680731275019485,0.026615511840932537,0.0007284554291195195,RTBE-P-JAGUAR_043312_20250430_134004,OOSTENDE_RT1,225,2025-04-30T13:41:42,43.07
690.0,7.50292350805313,0.19306855760694236,16.13734521904494,0.1231510346577137,804.1013884255372,1.8657897263592034,7.076402177772121,0.19306855760694233,0.027024647499622512,0.0006956353729276592,0.02764722635172318,0.0007543112982366354,RTBE-P-JAGUAR_043312_20250430_134004,OOSTENDE_RT1,225,2025-04-30T13:41:42,43.07
692.5,7.677733869041068,0.19853102003381876,16.07700529360167,0.123130350931385,810.6793021879097,1.9975591386182503,7.252807365227469,0.1985310200338186,0.02748393166939168,0.0007098931524293468,0.028106510521492354,0.0007693592180837026,RTBE-P-JAGUAR_043312_20250430_134004,OOSTENDE_RT1,225,2025-04-30T13:41:42,43.07
695.0,7.801467198529212,0.20332283779989122,16.124487204946593,0.12799998768727897,822.6110835718808,1.999730333017097,7.375285714561431,0.20332283779989124,0.027544004217001997,0.0007131249332242685,0.02816658306910267,0.0007765000329993145,RTBE-P-JAGUAR_043312_20250430_134004,OOSTENDE_RT1,225,2025-04-30T13:41:42,43.07
697.5,7.770659550524033,0.2027030500872404,16.139180457555202,0.13482117777581812,829.0824228617425,1.9279703652365523,7.344089713604526,0.20270305008724043,0.027205942963530506,0.0006995261150574469,0.027828521815631172,0.0007680905968507218,RTBE-P-JAGUAR_043312_20250430_134004,OOSTENDE_RT1,225,2025-04-30T13:41:42,43.07
700.0,7.621159550976912,0.1998330778158475,16.118135338589678,0.13017062082990627,832.4836210571639,1.91533322338919,7.1951459512832505,0.1998330778158475,0.02653016876995212,0.0006817834070587506,0.02715274762205279,0.0007541218990149901,RTBE-P-JAGUAR_043312_20250430_134004,OOSTENDE_RT1,225,2025-04-30T13:41:42,43.07
702.5,7.391053185392251,0.19645775458917103,16.083963229482517,0.1261779240020979,834.1790710869503,1.9885640577173986,6.965942778462767,0.19645775458917103,0.025611781870507788,0.0006610174848200585,0.02623436072260846,0.0007398773955739223,RTBE-P-JAGUAR_043312_20250430_134004,OOSTENDE_RT1,225,2025-04-30T13:41:42,43.07
705.0,7.094101989475254,0.19304445343692977,16.039694717371592,0.1280685940460796,836.9175978067983,1.960713055155302,6.67016163030882,0.19304445343692975,0.02441564573649513,0.0006349010688780849,0.025038224588595795,0.0007246436666202327,RTBE-P-JAGUAR_043312_20250430_134004,OOSTENDE_RT1,225,2025-04-30T13:41:42,43.07
707.5,6.70992113137958,0.18578825250502537,15.91444635126154,0.12639984927141984,836.6629259901756,1.9576156034308718,6.289291174203293,0.18578825250502537,0.022993133444198923,0.0005942243828995875,0.023615712296299596,0.0006976178710229206,RTBE-P-JAGUAR_043312_20250430_134004,OOSTENDE_RT1,225,2025-04-30T13:41:42,43.07
710.0,6.241532585833107,0.17797867325595015,15.607455150019883,0.12146590275020246,828.8612526205121,1.9306980645757386,5.829016620999476,0.17797867325595015,0.021470860473586987,0.0005583221071544156,0.022093439325687657,0.0006745839434872797,RTBE-P-JAGUAR_043312_20250430_134004,OOSTENDE_RT1,225,2025-04-30T13:41:42,43.07
712.5,5.704287803657229,0.1676267142455687,15.118644203171598,0.11732989521273371,810.5409397358131,1.8678362003073028,5.304691454316461,0.1676267142455687,0.019937986179781597,0.0005214849075930217,0.020560565031882264,0.0006497079027136099,RTBE-P-JAGUAR_043312_20250430_134004,OOSTENDE_RT1,225,2025-04-30T13:41:42,43.07
715.0,5.11179951802908,0.15410585216408793,14.458340272563232,0.11610172926976921,776.4512789866144,1.8297720667003905,4.729655463787044,0.15410585216408793,0.01851403829461454,0.0004822209849492941,0.01913661714671521,0.0006235263256514507,RTBE-P-JAGUAR_043312_20250430_134004,OOSTENDE_RT1,225,2025-04-30T13:41:42,43.07
717.5,4.546136167204728,0.14273051995442823,13.792354419013003,0.10743557293757651,745.2848374276455,1.8444048814639449,4.181594585262121,0.14273051995442823,0.01700406021208894,0.0004416005897757875,0.017626639064189608,0.0006016507117997227,RTBE-P-JAGUAR_043312_20250430_134004,OOSTENDE_RT1,225,2025-04-30T13:41:42,43.07
720.0,4.069679992174679,0.13329492850065255,13.311442590685521,0.10086542519495574,723.0877639280603,1.803783115896977,3.717849246493047,0.13329492850065255,0.015530326040781655,0.00040821858417198977,0.016152904892882323,0.0005791252307515041,RTBE-P-JAGUAR_043312_20250430_134004,OOSTENDE_RT1,225,2025-04-30T13:41:42,43.07
722.5,3.6705746954791665,0.12642828968856198,13.0091439157981,0.09764355059461298,712.7489880869384,1.6907990682854892,3.3267339153838815,0.12642828968856198,0.014040707948305435,0.000377075497060455,0.014663286800406105,0.0005572595580354032,RTBE-P-JAGUAR_043312_20250430_134004,OOSTENDE_RT1,225,2025-04-30T13:41:42,43.07
725.0,3.3440736067481254,0.12250841657075318,12.88537570452255,0.10003125453238751,712.6173868467127,1.7005305941471616,3.003504107114601,0.12250841657075318,0.012618448678382084,0.0003461072690784711,0.013241027530482752,0.0005400816042457629,RTBE-P-JAGUAR_043312_20250430_134004,OOSTENDE_RT1,225,2025-04-30T13:41:42,43.07
727.5,3.082139221635544,0.12021374209698295,12.91806345130844,0.09835531361743412,719.3434596484916,1.694455765312989,2.740705761973046,0.12021374209698295,0.011346920518440792,0.0003029519178322874,0.011969499370541458,0.0005250101380180268,RTBE-P-JAGUAR_043312_20250430_134004,OOSTENDE_RT1,225,2025-04-30T13:41:42,43.07
730.0,2.8769798726572335,0.11937097774746412,13.095221167413536,0.10509051847965993,732.1216578483018,1.737980804374828,2.530864010547676,0.11937097774746412,0.01023756125922881,0.00026804099855198425,0.01086014011132948,0.0005122304233498967,RTBE-P-JAGUAR_043312_20250430_134004,OOSTENDE_RT1,225,2025-04-30T13:41:42,43.07
732.5,2.714348022786466,0.11951371064861313,13.333733274008162,0.10885075407582649,749.8678766795524,1.845455089973163,2.361928118741138,0.11951371064861313,0.009272785727325454,0.00024009670163207498,0.009895364579426125,0.0005007060671001233,RTBE-P-JAGUAR_043312_20250430_134004,OOSTENDE_RT1,225,2025-04-30T13:41:42,43.07
735.0,2.5878365983466622,0.12019065262059356,13.581802522913172,0.10570180163406169,765.8999575833727,1.8666488133409134,2.228860050404301,0.12019065262059357,0.008519829749570655,0.00022007376975915214,0.009142408601671323,0.0004930018177496982,RTBE-P-JAGUAR_043312_20250430_134004,OOSTENDE_RT1,225,2025-04-30T13:41:42,43.07
737.5,2.4997437802625955,0.1190377750276347,13.748908548012158,0.11268894996141295,775.8525946918521,1.6677488714838755,2.1363505031026504,0.1190377750276347,0.008027960041444938,0.00020862910645307118,0.00865053889354561,0.000482009343121449,RTBE-P-JAGUAR_043312_20250430_134004,OOSTENDE_RT1,225,2025-04-30T13:41:42,43.07
740.0,2.4362929694192257,0.11989256909511842,13.857289244769545,0.11035270483891355,782.7402850080342,1.6642720026629132,2.0700351145774953,0.11989256909511842,0.00768567770909423,0.00019686967057356387,0.008308256561194898,0.0004811987085669992,RTBE-P-JAGUAR_043312_20250430_134004,OOSTENDE_RT1,225,2025-04-30T13:41:42,43.07
742.5,2.388863034371525,0.12117783785949386,13.914709057001218,0.11053017519778154,787.7012236176348,1.9164443427670363,2.0210875336986427,0.12117783785949386,0.007438134471370955,0.00018897729945109,0.008060713323471623,0.00048329416507555885,RTBE-P-JAGUAR_043312_20250430_134004,OOSTENDE_RT1,225,2025-04-30T13:41:42,43.07
745.0,2.352132094586139,0.12186928043975893,13.919284096235279,0.11794020437840605,789.9813853340102,1.6379429684061935,1.9842356724237733,0.12186928043975884,0.007268316208473055,0.00018631239258608208,0.007890895060573727,0.0004846489338048678,RTBE-P-JAGUAR_043312_20250430_134004,OOSTENDE_RT1,225,2025-04-30T13:41:42,43.07
747.5,2.3148513824786385,0.12149647186281501,13.815820796622523,0.1096005748954833,789.2321229783421,1.6073682221658487,1.9496895677493478,0.12149647186281509,0.007138294336521551,0.00017989878223359122,0.00776087318862222,0.00048362504810485653,RTBE-P-JAGUAR_043312_20250430_134004,OOSTENDE_RT1,225,2025-04-30T13:41:42,43.07
750.0,2.256394668988834,0.12017860871059508,13.5654992559838,0.11056455255863744,783.1016772016395,1.666948032271093,1.8978490278037028,0.12017860871059508,0.006991079421083477,0.0001769875947271438,0.007613658273184146,0.0004821241548006958,RTBE-P-JAGUAR_043312_20250430_134004,OOSTENDE_RT1,225,2025-04-30T13:41:42,43.07
752.5,2.157967734594946,0.11514740204967895,13.023861847983701,0.11302141742175309,766.1387760344446,1.7259007880039574,1.8137379492494432,0.11514740204967895,0.006814749730055433,0.00017249720910825708,0.007437328582156103,0.00047216802448197463,RTBE-P-JAGUAR_043312_20250430_134004,OOSTENDE_RT1,225,2025-04-30T13:41:42,43.07
755.0,2.00529061790265,0.1051025536735069,12.089499560524317,0.11100486313739807,710.8746811802642,1.6551603962743249,1.6857566818682996,0.1051025536735069,0.006827342980400778,0.00016810689341433083,0.007449921832501447,0.0004644832897213379,RTBE-P-JAGUAR_043312_20250430_134004,OOSTENDE_RT1,225,2025-04-30T13:41:42,43.07
757.5,1.766729157469971,0.09377207095774728,10.607206736417732,0.09262211846383221,621.4695811086295,1.4457292551576213,1.4863732583817353,0.09377207095774728,0.006891190849538459,0.00017130413251070808,0.007513769701639129,0.0004740274635924075,RTBE-P-JAGUAR_043312_20250430_134004,OOSTENDE_RT1,225,2025-04-30T13:41:42,43.07
760.0,1.5780903019772565,0.08459601915001708,9.432425021111117,0.08566441406420874,543.5214890999115,1.2787693568623637,1.328784705971775,0.08459601915001708,0.0070578907414686745,0.00017831974650016902,0.007680469593569344,0.0004889709746798642,RTBE-P-JAGUAR_043312_20250430_134004,OOSTENDE_RT1,225,2025-04-30T13:41:42,43.07
762.5,1.4943093022692613,0.08009923173707706,8.907680084415734,0.08688886206039416,502.97771226037213,1.2281963671471836,1.2588730822620937,0.08009923173707706,0.007240327059303317,0.00018643160353625876,0.007862905911403985,0.0005002988240821372,RTBE-P-JAGUAR_043312_20250430_134004,OOSTENDE_RT1,225,2025-04-30T13:41:42,43.07
765.0,1.5449159091687064,0.08201586418953051,9.21943788222808,0.09372519606882364,550.5105147375272,1.281646685076385,1.3012397123349002,0.08201586418953051,0.006803192339172002,0.00018008307858406562,0.0074257711912726725,0.0004680390828474815,RTBE-P-JAGUAR_043312_20250430_134004,OOSTENDE_RT1,225,2025-04-30T13:41:42,43.07
767.5,1.704060001262274,0.09219887446645149,10.231553874838124,0.09550535568711607,624.2727734901487,1.4061665947795599,1.4336328702625898,0.09219887446645152,0.0065920405969932035,0.00016614377130444636,0.007214619449093875,0.00046398196268225116,RTBE-P-JAGUAR_043312_20250430_134004,OOSTENDE_RT1,225,2025-04-30T13:41:42,43.07
770.0,1.8402384481848093,0.10192832278072715,11.074644024960959,0.09876383083406617,688.0604871407244,1.5264098419960024,1.5475278543542734,0.10192832278072714,0.006443227467730379,0.00017017138620721128,0.00706580631983105,0.0004653911625870905,RTBE-P-JAGUAR_043312_20250430_134004,OOSTENDE_RT1,225,2025-04-30T13:41:42,43.07
772.5,1.9412727838158779,0.10895840969423806,11.674428757601547,0.10336979079595607,729.6158671946105,1.6191432332230626,1.6327094596523388,0.10895840969423806,0.006407569852878368,0.00017360701920265072,0.007030148704979037,0.0004691550099621706,RTBE-P-JAGUAR_043312_20250430_134004,OOSTENDE_RT1,225,2025-04-30T13:41:42,43.07
775.0,2.000913179561938,0.11210924640626016,11.989812851991372,0.10849641845873448,744.5905273674566,1.7085675114202086,1.6840140330148095,0.11210924640626006,0.006482650022306673,0.0001712565691352053,0.007105228874407344,0.000473013786724663,RTBE-P-JAGUAR_043312_20250430_134004,OOSTENDE_RT1,225,2025-04-30T13:41:42,43.07
777.5,2.026161482774278,0.11128854620577493,12.04232220125759,0.10636630133102155,748.6742259521994,1.673110697228083,1.7078744773694985,0.11128854620577493,0.006544017412828173,0.00017278108787080191,0.007166596264928843,0.00046698986965136065,RTBE-P-JAGUAR_043312_20250430_134004,OOSTENDE_RT1,225,2025-04-30T13:41:42,43.07
780.0,2.039347371638469,0.1124776606107854,12.013858464215003,0.10980405846635682,748.0380790099666,1.6491223697673352,1.7218126827283415,0.11247766061078544,0.006608649379056023,0.000173710035817868,0.007231228231156692,0.0004723810220135885,RTBE-P-JAGUAR_043312_20250430_134004,OOSTENDE_RT1,225,2025-04-30T13:41:42,43.07
782.5,2.042953895441018,0.1131837490246022,11.904141186102576,0.11068333503190908,744.3541108851555,1.622004045968888,1.7283191109934963,0.11318374902460215,0.00667189906204595,0.00017538424038256444,0.007294477914146621,0.00047769902690347624,RTBE-P-JAGUAR_043312_20250430_134004,OOSTENDE_RT1,225,2025-04-30T13:41:42,43.07
785.0,2.038482691948735,0.1121957936630327,11.717492269040143,0.10545078350937412,737.8632488676643,1.455043535971014,1.7287811690334158,0.11219579366303271,0.00673803468792106,0.0001782343860511159,0.00736061354002173,0.00047769485968622317,RTBE-P-JAGUAR_043312_20250430_134004,OOSTENDE_RT1,225,2025-04-30T13:41:42,43.07
787.5,2.0301088184085976,0.1090171767048543,11.502767852751505,0.09292046939790644,729.4623250138252,1.580294680964591,1.7260826121228783,0.1090171767048543,0.006811181971162605,0.000179360403751157,0.007433760823263274,0.0004695068541676631,RTBE-P-JAGUAR_043312_20250430_134004,OOSTENDE_RT1,225,2025-04-30T13:41:42,43.07
790.0,2.02535404457993,0.10797019183738936,11.295665448122165,0.09780864694849935,721.2810322842366,1.7029524341952198,1.7268016998202476,0.10797019183738936,0.006898633118747128,0.00017665287194708408,0.007521211970847799,0.00047027212182304334,RTBE-P-JAGUAR_043312_20250430_134004,OOSTENDE_RT1,225,2025-04-30T13:41:42,43.07
792.5,2.0258706209118578,0.10822157867684247,11.109104097813441,0.10050489054189948,714.3382010168713,1.721615903229046,1.73224922323378,0.10822157867684247,0.006995691354016082,0.00018117195978515605,0.007618270206116751,0.0004759483897782307,RTBE-P-JAGUAR_043312_20250430_134004,OOSTENDE_RT1,225,2025-04-30T13:41:42,43.07
795.0,2.0321674779729797,0.10891774125553322,10.949421739588553,0.09595308342821081,710.3235727317359,1.4731921394453764,1.7427665968004362,0.10891774125553322,0.007085264372606267,0.00019361743409375978,0.007707843224706939,0.0004817173312411025,RTBE-P-JAGUAR_043312_20250430_134004,OOSTENDE_RT1,225,2025-04-30T13:41:42,43.07
797.5,2.0422740477015613,0.10667778104181566,10.819590884666146,0.09870298045548372,707.0699996917634,1.4239836698957578,1.7563046869062158,0.1066777810418156,0.007180883187379441,0.0001913210467862541,0.007803462039480111,0.00047398154831675355,RTBE-P-JAGUAR_043312_20250430_134004,OOSTENDE_RT1,225,2025-04-30T13:41:42,43.07
800.0,2.0483053843235193,0.1073517836025923,10.688456792124628,0.09737267516941656,703.9443986918826,1.4767928500898064,1.7658019893879109,0.1073517836025923,0.0072579164936452676,0.00019786814904391517,0.007880495345745935,0.00047909405251661395,RTBE-P-JAGUAR_043312_20250430_134004,OOSTENDE_RT1,225,2025-04-30T13:41:42,43.07
802.5,2.0478129538047374,0.10757816185192547,10.547735311835725,0.09268585241822531,700.4954768921456,1.547257463944762,1.7690289260982006,0.10757816185192545,0.00731118869037504,0.00020574875320993584,0.00793376754247571,0.0004824681587669112,RTBE-P-JAGUAR_043312_20250430_134004,OOSTENDE_RT1,225,2025-04-30T13:41:42,43.07
805.0,2.0371305635792982,0.10633875364618786,10.381674868469338,0.08717614319236268,695.9112631530228,1.4706753042087246,1.7627356296332457,0.10633875364618786,0.007335041030621484,0.0002116654260936359,0.007957619882722155,0.000480051214767162,RTBE-P-JAGUAR_043312_20250430_134004,OOSTENDE_RT1,225,2025-04-30T13:41:42,43.07
807.5,2.001289659017782,0.10520602054733748,10.119854769444407,0.09169567509664196,683.9100113799517,1.5979996482001475,1.7338148135630276,0.1052060205473375,0.007341831363191051,0.00021497087325344632,0.00796441021529172,0.0004832718570649966,RTBE-P-JAGUAR_043312_20250430_134004,OOSTENDE_RT1,225,2025-04-30T13:41:42,43.07
810.0,1.9303551936717893,0.10071149330863634,9.707074956519746,0.08565795981091893,662.7933753114487,1.5741797956391812,1.6737904076185026,0.10071149330863635,0.007311066600756234,0.00021807928297827215,0.007933645452856904,0.00047736519297857317,RTBE-P-JAGUAR_043312_20250430_134004,OOSTENDE_RT1,225,2025-04-30T13:41:42,43.07
812.5,1.8399569542592231,0.09595723783628106,9.2361577884707,0.08365105340538759,635.2518497691437,1.462120727583944,1.5958388385994908,0.09595723783628107,0.007269528149995223,0.00021811500093813372,0.00789210700209589,0.00047454966649019897,RTBE-P-JAGUAR_043312_20250430_134004,OOSTENDE_RT1,225,2025-04-30T13:41:42,43.07
815.0,1.7409208617293837,0.09209408892451734,8.766469339451488,0.08593402079733492,606.2890122579103,1.4256695387981135,1.5092169405591433,0.09209408892451734,0.0071976929279805755,0.00021441506984414246,0.007820271780081246,0.0004772016436960159,RTBE-P-JAGUAR_043312_20250430_134004,OOSTENDE_RT1,225,2025-04-30T13:41:42,43.07
817.5,1.660448483239388,0.08957432916277408,8.434877860341485,0.08024170599807583,591.3159853945151,1.433769060648247,1.4375087569760605,0.08957432916277408,0.007014737002592402,0.00020998306352932434,0.007637315854693072,0.0004758979317297776,RTBE-P-JAGUAR_043312_20250430_134004,OOSTENDE_RT1,225,2025-04-30T13:41:42,43.07
820.0,1.6036285601847795,0.08807284783541923,8.316231296458621,0.08451802395774624,587.292653956967,1.3583528578838109,1.3838247456574708,0.08807284783541923,0.006779886725362222,0.00021029147883350224,0.007402465577462891,0.0004711262943206483,RTBE-P-JAGUAR_043312_20250430_134004,OOSTENDE_RT1,225,2025-04-30T13:41:42,43.07
822.5,1.5517634042414008,0.08855307779008773,8.288877501639607,0.08307828963450423,590.6892437739212,1.2918587419255914,1.3326825696588147,0.08855307779008773,0.006465320266661217,0.00021000808927837625,0.007087899118761885,0.0004709713297988912,RTBE-P-JAGUAR_043312_20250430_134004,OOSTENDE_RT1,225,2025-04-30T13:41:42,43.07
825.0,1.4994674007052922,0.0897425370646173,8.31107875350186,0.07704555008896914,597.0237834439966,1.3828632023238359,1.279799771495111,0.08974253706461731,0.006111842240810592,0.00020269914684991415,0.006734421092911261,0.00047223327273553757,RTBE-P-JAGUAR_043312_20250430_134004,OOSTENDE_RT1,225,2025-04-30T13:41:42,43.07
827.5,1.4453964673367483,0.08649406050949937,8.348956212127705,0.08485698429722352,603.7356243711014,1.4694812612716306,1.2247277103808643,0.08649406050949937,0.00575040200618201,0.0001735082444420189,0.006372980858282679,0.00045007962774906436,RTBE-P-JAGUAR_043312_20250430_134004,OOSTENDE_RT1,225,2025-04-30T13:41:42,43.07
830.0,1.397076979435318,0.08665268186925709,8.391229599062783,0.07907959154257617,610.7073147213351,1.2856680063876615,1.1752909072713693,0.08665268186925709,0.005423337401251235,0.00015965359345981173,0.006045916253351902,0.00044575760304840713,RTBE-P-JAGUAR_043312_20250430_134004,OOSTENDE_RT1,225,2025-04-30T13:41:42,43.07
832.5,1.356810779380865,0.0894943242285936,8.477572649657318,0.08701766809561837,619.3105821083975,1.0883752964868694,1.1327425999495675,0.0894943242285936,0.005123513550026089,0.00015405609684739563,0.005746092402126758,0.0004539801509242132,RTBE-P-JAGUAR_043312_20250430_134004,OOSTENDE_RT1,225,2025-04-30T13:41:42,43.07
835.0,1.327260733261265,0.0929625866841067,8.60386025965203,0.10206699977700558,630.8083302146846,1.184889957959677,1.09985468389648,0.0929625866841067,0.004854988943761436,0.00015339528213652307,0.005477567795862106,0.00046297831749637724,RTBE-P-JAGUAR_043312_20250430_134004,OOSTENDE_RT1,225,2025-04-30T13:41:42,43.07
837.5,1.31498333739639,0.0922378423077315,8.733593492638969,0.08925980846631938,641.7486104861957,1.3329530813631814,1.0841483478704972,0.0922378423077315,0.004684721279785987,0.0001599414246350141,0.005307300131886657,0.0004515377564392504,RTBE-P-JAGUAR_043312_20250430_134004,OOSTENDE_RT1,225,2025-04-30T13:41:42,43.07
840.0,1.3034869520515202,0.08949366046445761,8.79654000220637,0.09008414965677186,649.4092837559105,1.3699254543852477,1.0709882422152044,0.08949366046445761,0.004558450859031344,0.00014132625738704453,0.005181029711132013,0.00043293595162657785,RTBE-P-JAGUAR_043312_20250430_134004,OOSTENDE_RT1,225,2025-04-30T13:41:42,43.07
842.5,1.2877807649936708,0.09101504063401095,8.80468490982013,0.08867760855942612,653.00940721637,1.3088806620285964,1.0550667795476878,0.09101504063401095,0.004453289898095439,0.00013142496198170398,0.005075868750196108,0.0004378683980079994,RTBE-P-JAGUAR_043312_20250430_134004,OOSTENDE_RT1,225,2025-04-30T13:41:42,43.07
845.0,1.2662346419707502,0.09397903264564296,8.759976586763747,0.08998134094890489,651.8565126298953,1.2649954545058402,1.0347023287989734,0.09397903264564295,0.0043641217051931525,0.00013082987428308053,0.004986700557293822,0.0004529276502276167,RTBE-P-JAGUAR_043312_20250430_134004,OOSTENDE_RT1,225,2025-04-30T13:41:42,43.07
847.5,1.2368319026666172,0.0901121992135253,8.661256127750773,0.08277749077074859,644.0711066177131,1.1155934820565276,1.0079088403308747,0.0901121992135253,0.004293709079056466,0.00012619313497266017,0.004916287931157135,0.0004395412558322723,RTBE-P-JAGUAR_043312_20250430_134004,OOSTENDE_RT1,225,2025-04-30T13:41:42,43.07
850.0,1.200932036351354,0.08755425970221287,8.49236724784614,0.0698802863814797,633.9567772197819,1.2061000531329915,0.9764728253337069,0.08755425970221288,0.004216362799334554,0.00012659466391303173,0.004838941651435223,0.00043387787457252214,RTBE-P-JAGUAR_043312_20250430_134004,OOSTENDE_RT1,225,2025-04-30T13:41:42,43.07
852.5,1.172642281956856,0.08762919361827323,8.35798200155821,0.07059842285626215,626.6350007494904,1.325886728889785,0.9517349670682715,0.08762919361827326,0.004148880733032691,0.00013025663026082067,0.00477145958513336,0.0004393230997022133,RTBE-P-JAGUAR_043312_20250430_134004,OOSTENDE_RT1,225,2025-04-30T13:41:42,43.07
855.0,1.1533747411938657,0.08796988353549946,8.277739527143419,0.07799241562440196,624.9010236657272,1.3379669911386436,0.9345882910737963,0.08796988353549946,0.004075918346935859,0.0001350560588290893,0.004698497199036527,0.00044225490019377624,RTBE-P-JAGUAR_043312_20250430_134004,OOSTENDE_RT1,225,2025-04-30T13:41:42,43.07
857.5,1.1430297415942925,0.0841013844032011,8.2665778627337,0.08146852376029494,630.1670746056649,1.2571121739406506,0.924538302077737,0.0841013844032011,0.003986552368516246,0.00013629172184668141,0.004609131220616916,0.0004192733991428574,RTBE-P-JAGUAR_043312_20250430_134004,OOSTENDE_RT1,225,2025-04-30T13:41:42,43.07
860.0,1.1275530465854098,0.08595751976894661,8.23923482002356,0.09113400336405095,632.0011283876806,1.1830439079987793,0.9097843028278129,0.08595751976894658,0.003899836621122846,0.00016070310028440456,0.004522415473223515,0.0004272832760850272,RTBE-P-JAGUAR_043312_20250430_134004,OOSTENDE_RT1,225,2025-04-30T13:41:42,43.07
862.5,1.1099070281749912,0.08534752482998692,8.16486796288835,0.09904847112414797,629.2553820366156,1.264223665384608,0.8941038525082778,0.08534752482998692,0.0038412845883599653,0.00014392021023294546,0.004463863440460635,0.00042610228638832254,RTBE-P-JAGUAR_043312_20250430_134004,OOSTENDE_RT1,225,2025-04-30T13:41:42,43.07
865.0,1.091265570831233,0.08643539593832297,8.060513415307325,0.10630489744301268,623.1593169288218,1.36459652639984,0.8782205589052701,0.08643539593832297,0.0038048784307107768,0.00011836343417071981,0.004427457282811446,0.0004357550268657489,RTBE-P-JAGUAR_043312_20250430_134004,OOSTENDE_RT1,225,2025-04-30T13:41:42,43.07
867.5,1.0729151577292328,0.09388001795618685,7.950726216141901,0.11067483994766668,619.861949976541,0.8456131444813089,0.8627718983282512,0.09388001795618683,0.0037501332616439037,0.00013417087641415056,0.004372712113744574,0.0004758039669013339,RTBE-P-JAGUAR_043312_20250430_134004,OOSTENDE_RT1,225,2025-04-30T13:41:42,43.07
870.0,1.0630402034107933,0.08751595095644528,7.93718781168205,0.11189474666889292,621.2372340031885,0.9253924127103298,0.8532547735165689,0.0875159509564453,0.0036923249904245153,0.00012538498780391855,0.0043149038425251834,0.00044256759503130813,RTBE-P-JAGUAR_043312_20250430_134004,OOSTENDE_RT1,225,2025-04-30T13:41:42,43.07
872.5,1.047469364072028,0.08524604571314269,7.895296336284846,0.10203367352832818,622.315982094332,1.0877663146518193,0.838791155196584,0.08524604571314266,0.003611829723095211,0.00013381723287129643,0.00423440857519588,0.00043034143211092044,RTBE-P-JAGUAR_043312_20250430_134004,OOSTENDE_RT1,225,2025-04-30T13:41:42,43.07
875.0,1.0290354610882728,0.08370074011422896,7.82288911488778,0.09726752017349746,621.95247232869,1.3270219279420974,0.8222710257594085,0.08370074011422896,0.0035308584742490975,0.000138406635532097,0.004153437326349766,0.00042278733816805903,RTBE-P-JAGUAR_043312_20250430_134004,OOSTENDE_RT1,225,2025-04-30T13:41:42,43.07
877.5,1.0107469085096468,0.08010102852351356,7.722107846575107,0.11513661051675605,619.7681568518341,1.6942726586420598,0.8066461926491738,0.08010102852351356,0.003466294906346803,0.0001339455232096759,0.004088873758447472,0.0004060305454102519,RTBE-P-JAGUAR_043312_20250430_134004,OOSTENDE_RT1,225,2025-04-30T13:41:42,43.07
880.0,0.9944220010729619,0.08345033447955227,7.652227781322218,0.08598224018925751,617.0971031275254,1.1326209621721492,0.7921682642531686,0.08345033447955227,0.0034102872669782252,0.00012888009679653685,0.004032866119078896,0.00042483906732324213,RTBE-P-JAGUAR_043312_20250430_134004,OOSTENDE_RT1,225,2025-04-30T13:41:42,43.07
882.5,0.9767643443792181,0.08783022500741096,7.58128767122096,0.0846326702388013,614.2061099452598,0.7655580438114129,0.7763856043274783,0.08783022500741096,0.003348543009786146,0.0001361168926949765,0.003971121861886815,0.00044924136243290125,RTBE-P-JAGUAR_043312_20250430_134004,OOSTENDE_RT1,225,2025-04-30T13:41:42,43.07
885.0,0.9561134201704061,0.08765818947266259,7.488563220526356,0.1004938822761506,610.3181079585402,0.7894718720902997,0.75818545225764,0.08765818947266259,0.0032801561574151606,0.00015223713453943455,0.00390273500951583,0.00045121768547133834,RTBE-P-JAGUAR_043312_20250430_134004,OOSTENDE_RT1,225,2025-04-30T13:41:42,43.07
887.5,0.9304781937972927,0.07933389978014556,7.355540293601963,0.09176936560524358,604.3209844725181,1.388232507542188,0.7360661149591871,0.07933389978014556,0.0032038974059272712,0.0001622680534714094,0.003826476258027941,0.00041242121841504305,RTBE-P-JAGUAR_043312_20250430_134004,OOSTENDE_RT1,225,2025-04-30T13:41:42,43.07
890.0,0.8903940548287808,0.07704728574821126,7.133159223903267,0.10607642065500042,588.8896649871202,1.3096752067143198,0.7018596633295607,0.07704728574821128,0.0031216830924783363,0.0001791945898560933,0.0037442619445790053,0.0004110297756556961,RTBE-P-JAGUAR_043312_20250430_134004,OOSTENDE_RT1,225,2025-04-30T13:41:42,43.07
892.5,0.8374026106975418,0.07017034537164014,6.723582867385979,0.07382104504430703,563.6616955214535,1.22398623531882,0.6596936090045232,0.07017034537164014,0.003054251793188172,0.0001832367127231774,0.0036768306452888404,0.000391097431794552,RTBE-P-JAGUAR_043312_20250430_134004,OOSTENDE_RT1,225,2025-04-30T13:41:42,43.07
895.0,0.779159286717576,0.06559330813631323,6.265790840308116,0.054012409812599416,533.0520847881861,1.0764640542532962,0.6135500487546441,0.06559330813631321,0.002993436131769382,0.0001628109286799608,0.0036160149838700504,0.0003865803377311175,RTBE-P-JAGUAR_043312_20250430_134004,OOSTENDE_RT1,225,2025-04-30T13:41:42,43.07
897.5,0.7226304804392369,0.06554708614731856,5.856337785361038,0.0699891918438587,502.254882972438,0.8070538746773596,0.5678433733356947,0.06554708614731856,0.002929268288744273,0.00013490471450639435,0.003551847140844942,0.0004099955048439691,RTBE-P-JAGUAR_043312_20250430_134004,OOSTENDE_RT1,225,2025-04-30T13:41:42,43.07
900.0,0.6875721070785217,0.05800592269534361,5.683078223988017,0.09563408114474443,489.83930431620615,0.7721087042050314,0.5373643714637617,0.05800592269534362,0.0028238166225296782,0.00020106861925543978,0.0034463954746303473,0.00037202196516013616,RTBE-P-JAGUAR_043312_20250430_134004,OOSTENDE_RT1,225,2025-04-30T13:41:42,43.07
902.5,0.6708355569798242,0.057583697054761206,5.5506395706909055,0.06480405106307856,485.3516286605158,0.7549239737323562,0.524128267678764,0.057583697054761206,0.0027700079201383905,0.00021322195124111844,0.00339258677223906,0.0003727287783767047,RTBE-P-JAGUAR_043312_20250430_134004,OOSTENDE_RT1,225,2025-04-30T13:41:42,43.07
905.0,0.6547599163264834,0.05689691865860332,5.425876451836594,0.05867011868462587,481.5258554570832,0.8211016670860667,0.5113502035909259,0.056896918658603315,0.0027135951556023826,0.00021417633488226222,0.0033361740077030525,0.00037120943692647737,RTBE-P-JAGUAR_043312_20250430_134004,OOSTENDE_RT1,225,2025-04-30T13:41:42,43.07
907.5,0.6346590586269089,0.05503965641148704,5.287281601544029,0.09586850598312263,474.52873966695796,0.9408134106919138,0.4949125048009791,0.055039656411487024,0.002653963450360727,0.00021182085981608458,0.0032765423024613965,0.00036438716095423484,RTBE-P-JAGUAR_043312_20250430_134004,OOSTENDE_RT1,225,2025-04-30T13:41:42,43.07
910.0,0.6121221454931285,0.055967147796020904,5.095436104801403,0.11270912355632524,464.01345885464497,1.0632939425969175,0.477446202437954,0.055967147796020904,0.00260995988883548,0.00019377091962666733,0.003232538740936149,0.00037892431136018416,RTBE-P-JAGUAR_043312_20250430_134004,OOSTENDE_RT1,225,2025-04-30T13:41:42,43.07
912.5,0.5931322454761913,0.05967495655284315,5.036141320409714,0.10398203590599608,459.11460660322547,1.0568234798743616,0.4600235050788383,0.05967495655284314,0.0025252331391725186,0.00014718268678605849,0.0031478119912731876,0.00040833901255448536,RTBE-P-JAGUAR_043312_20250430_134004,OOSTENDE_RT1,225,2025-04-30T13:41:42,43.07
915.0,0.588007012553935,0.06220186304351534,5.0276308746370075,0.09003212523125359,460.37834873861294,1.0424756177272132,0.45512320919566657,0.062201863043515354,0.0024831530625405098,0.0001430752602203208,0.003105731914641179,0.0004244615684306541,RTBE-P-JAGUAR_043312_20250430_134004,OOSTENDE_RT1,225,2025-04-30T13:41:42,43.07
917.5,0.5883929104998208,0.06304653094935493,5.063433225175898,0.1020933950929752,466.476662080906,1.0656122004736346,0.4545628259551642,0.06304653094935493,0.002438777375765834,0.0001603063249254581,0.0030613562278665033,0.00042460113134333436,RTBE-P-JAGUAR_043312_20250430_134004,OOSTENDE_RT1,225,2025-04-30T13:41:42,43.07
920.0,0.5739469916349699,0.06321210004774819,5.158126787314557,0.10891273323427043,473.2345043569915,0.8019148706043872,0.4376140899574949,0.06321210004774817,0.0022825457689069828,0.0001407713352681958,0.002905124621007652,0.0004196369184825581,RTBE-P-JAGUAR_043312_20250430_134004,OOSTENDE_RT1,225,2025-04-30T13:41:42,43.07
922.5,0.558677437051949,0.05490621558486722,5.026659665657065,0.07999096864505174,468.87044435946723,1.2327529907363501,0.4258193034268668,0.054906215584867205,0.0022305564041215356,0.00019664384316372204,0.0028531352562222046,0.0003678904601322912,RTBE-P-JAGUAR_043312_20250430_134004,OOSTENDE_RT1,225,2025-04-30T13:41:42,43.07
925.0,0.5212976798204508,0.048328752780675534,4.7067095244885495,0.053297003974978815,444.65732926470463,1.5983276562930508,0.3968960523915513,0.04832875278067555,0.0021815708613291424,0.00022686428386251405,0.0028041497134298128,0.0003414522705472906,RTBE-P-JAGUAR_043312_20250430_134004,OOSTENDE_RT1,225,2025-04-30T13:41:42,43.07
927.5,0.4605338677658571,0.048949199339384554,4.192655363792627,0.06054980723918046,400.7376411506437,1.487083697502165,0.34971905164206324,0.048949199339384554,0.0021190523066406328,0.0002474468451527083,0.0027416311587413022,0.00038373845941241415,RTBE-P-JAGUAR_043312_20250430_134004,OOSTENDE_RT1,225,2025-04-30T13:41:42,43.07
930.0,0.3777129917253475,0.059010972648522265,3.4830837534472194,0.11458779186222072,339.5768435139883,1.0641922648731348,0.28565264996311,0.05901097264852227,0.0020201345241004265,0.00031046007224566993,0.0026427133762010955,0.0005459395765487436,RTBE-P-JAGUAR_043312_20250430_134004,OOSTENDE_RT1,225,2025-04-30T13:41:42,43.07
932.5,0.3144172882210377,0.04403057174538973,2.9546974449843524,0.1067029874769902,286.56281439681385,1.3161128211608897,0.23632256646188973,0.044030571745389734,0.001968229171043917,0.0002826232006384572,0.0025908080231445865,0.00048270785244707134,RTBE-P-JAGUAR_043312_20250430_134004,OOSTENDE_RT1,225,2025-04-30T13:41:42,43.07
935.0,0.2825182474906161,0.028413640137889686,2.6282899840611145,0.1229159815383445,259.9028153128159,1.0859080693884922,0.213050703408892,0.02841364013788968,0.0019526857669683062,0.0002484838860758351,0.002575264619068975,0.0003434517745084875,RTBE-P-JAGUAR_043312_20250430_134004,OOSTENDE_RT1,225,2025-04-30T13:41:42,43.07
937.5,0.2668011255077498,0.025100095596054604,2.504395661275289,0.13252526025642264,253.8609617093645,1.0516067806343785,0.200608195103281,0.025100095596054608,0.0018599975461873843,0.00035782810795711203,0.0024825763982880534,0.00031061993698441854,RTBE-P-JAGUAR_043312_20250430_134004,OOSTENDE_RT1,225,2025-04-30T13:41:42,43.07
940.0,0.25724839083918805,0.03500254967231821,2.5522411293786855,0.07780760259989322,261.42329416130156,1.4282896096262176,0.18979087122091887,0.035002549672318216,0.0016581880881940772,0.0004819381391237105,0.0022807669402947466,0.00042063486828996063,RTBE-P-JAGUAR_043312_20250430_134004,OOSTENDE_RT1,225,2025-04-30T13:41:42,43.07
942.5,0.2741955671753464,0.0369350272072824,2.4909897322617263,0.12148545028382955,266.40304129104226,1.5435209541840986,0.20835696485885633,0.03693502720728239,0.0018344978650143451,0.000410065562716505,0.002457076717115014,0.0004355611316305161,RTBE-P-JAGUAR_043312_20250430_134004,OOSTENDE_RT1,225,2025-04-30T13:41:42,43.07
945.0,0.27035779166183715,0.03911121599638902,2.515429400812406,0.07001171065966699,269.3252291554383,1.529985920251288,0.2038732317977847,0.03911121599638902,0.0017555371873360925,0.00041380181779643207,0.0023781160394367616,0.0004562198247543505,RTBE-P-JAGUAR_043312_20250430_134004,OOSTENDE_RT1,225,2025-04-30T13:41:42,43.07
